[1,0,0,1.521,0,0,  1,2,1,1.564,0,0],   Helisova-Dlask
[0,0,1,1.395,0,0,  1,0,1,1.584,0,1],   Patho-Skopkova
[0,0,1,1.718,0,0,  1,1,1,1.773,0,0],   Priklopil-Koci
[1,0,0,1.521,0,0,  1,0,1,1.644,0,0],   Helisova-Gvichiani
[0,0,1,1.395,0,0,  1,2,1,1.564,0,0],   Patho-Dlask
[0,0,1,1.718,0,0,  1,0,1,1.584,0,1],   Prikopil-Skopkova
[1,1,1,1.419,0,1,  1,1,1,1.773,0,0],   Jares-Koci
[0,0,1,1.395,0,0,  1,0,1,1.644,0,0],   Patho-Gvichiani
[0,0,1,1.718,0,0,  1,2,1,1.564,0,0],   Priklopil-Dlask
[1,1,1,1.419,0,1,  1,0,1,1.584,0,1],   Jares-Skopkova




[2,-2,-3,-3,-3,3,-3,-3,-1,-2]

